version https://git-lfs.github.com/spec/v1
oid sha256:d2922e147be5267caea6e569eee2827f8011e62cb98a508e28ca84b8ed68143f
size 56324
