version https://git-lfs.github.com/spec/v1
oid sha256:663a4c98565dacf1c14c24d193325c4102f6c5a488a90ae0dac03217cd51f90a
size 141123
